19,1395,76634,79517,79522,78122,606
29,1482,78539,85300,85308,83818,558
14,1362,177132,184710,184714,183348,340
20,1401,231594,238199,238204,236798,643
9,1327,315145,327495,327495,326168,480
1,1274,368410,371340,371340,370066,609
28,1475,502357,508651,508674,507176,686
11,1341,505731,514335,514335,512994,644
5,1300,578451,582470,582477,581170,540
26,1462,612140,618940,618952,617478,257
21,1409,625853,636123,636157,634714,458
17,1383,705461,708336,708336,706953,586
2,1282,740853,747474,747482,746192,551
7,1313,832258,838513,838542,837200,334
23,1424,864032,871905,871911,870481,581
15,1370,867122,878081,878089,876711,602
4,1294,925761,930144,930154,928850,351
3,1288,967324,972080,972088,970792,581
24,1429,1058420,1062270,1062275,1060841,498
6,1307,1061277,1066193,1066193,1064886,476
16,1376,1106314,1110118,1110129,1108742,231
30,1489,1116920,1123594,1123621,1122105,358
25,1456,1220556,1226291,1226296,1224835,408
27,1469,1246069,1248956,1248962,1247487,593
12,1348,1262504,1269171,1269179,1267823,628
22,1415,1394591,1399461,1399467,1398046,646
10,1334,1397514,1406200,1406208,1404866,636
18,1388,1486885,1489784,1489788,1488396,509
13,1356,1488826,1495095,1495102,1493739,441
8,1321,1552226,1558943,1558974,1557622,472
finished successfully!
