19,4769,10257,16610,21323,26580,32454,37649,43401,49184,54952,59811,64566,70327,76121
29,8151,13447,19030,24208,29503,34787,40544,46326,52062,57388,62198,67458,73219,82874
14,96465,109129,115728,124395,132994,141703,150376,159108,167789
20,89680,103191,112856,121477,130173,138831,147500,156232,165097,181290,194781,208328,214057,222674
9,118598,127306,135914,144573,153328,162945,174507,188024,201574,211712,219796,236059,242051,247804
1,216959,229450,239128,244912,254522,261283,265085,270856,276652,282377,288192,294004,299754,305521,311335
28,267965,279501,291129,302646,315230,323904,332594,341304,349952,358540,367265,375924,384582,393271,401961
11,273711,285274,296877,308439,318129,326801,335491,344179,352789,361459,370170,378820,387520,396189,408741
5,321007,329717,338407,347035,355661,364374,373067,381664,390418,399107,415522,419384,426040,430867,436630
26,423139,433712,450126,463613,477133,486365,495510,504239,512864
21,428304,443344,456819,470374,483274,489729,498403,507074,519641,526464
17,492608,501301,510008,523544,540019,553628,567237,580805,594410,607029,620552,634139,647790,661347,674892
2,533216,546826,560431,573999,587590,600219,613773,627335,640964,654589,668099,678714,684490,690298,696091
23,681608,693237,709696,723019,736612,749187,762800,776393,789950,803498,816090,829638,836462,845122
15,687445,702920,716214,729848,742392,755993,769606,783163,796695,810259,822834,833525,842223,858715
7,839304,851926,865542,872350,878106,883873,889665,895456,901256,907089
4,869411,875204,881504,886748,892560,898393,904153,913814,920601,927370
3,934159,938003,943811,949632,955463,961243,967043,972841,978622,984423,990221,996008,1001780,1007575
24,940912,952528,964178,975723,987338,998862,1014340,1027917,1041475,1055067,1067604,1081228,1093978,1099610
6,946711,958325,969959,981522,993121,1004677,1021090,1034703,1048281,1061307,1074405,1087989,1097259,1106353
16,1119923,1133544,1144195,1149992,1155842,1161635,1167467,1173262
30,1113175,1126730,1140305,1147133,1152906,1158740,1164570,1170345,1180102,1186873
25,1197566,1206257,1214915,1223697,1232425,1241132,1249836,1258551,1267277,1275990,1284696,1293353
27,1193661,1200461,1209142,1217842,1226561,1235297,1244018,1252721,1261455,1270190,1278909,1287547,1300155,1313804,1327343
12,1203359,1212016,1220748,1229498,1238217,1246934,1255634,1264378,1273115,1281780,1290485,1306974,1320565,1334100,1340913
22,1347729,1361309,1374935,1388524,1402103,1408853,1414633,1420487,1426285,1432020,1437773,1443502,1449275,1456060,1461880
10,1354488,1368109,1381766,1395296,1405949,1411760,1417561,1423386,1429158,1434927,1440687,1446391,1452208,1458997,1468715
18,1475538,1489101,1502740,1517207,1530819,1544387,1557914,1564697,1570504,1576344,1582157,1586999,1592797,1598518
13,1482316,1495903,1510432,1524061,1537595,1551152,1561813,1567608,1573423,1579225,1584855,1589895,1595650,1605322
8,1612136,1618951,1625750,1632547,1639331,1646149,1652925,1658788,1665582,1672381
finished successfully!
