19,6500,12077,17814,23588,29315,34388,39889,45035,50344,55748,60912,66673,72399,78176
29,9218,14919,20657,26694,32199,36914,42147,47972,53229,57986,63758,69482,75332,84848
14,97278,110494,123178,129946,138716,147043,154769,163420,172027
20,91639,104106,116541,126975,136637,144282,152580,160417,169107,182581,191220,198349,206343,214092
9,133704,141412,149964,157679,166365,179386,185435,193313,201189,208500,220847,231465,237189,242905
1,188224,195497,204256,211389,227618,234299,240025,248749,254458,260210,266953,273653,280443,284250,289946
28,287132,296635,304382,313006,321687,331300,339876,348094,356795,364927,373479,382109,390930,398285,406632
11,294280,302225,310052,318791,327468,337079,345222,353831,362064,370681,379290,388397,395599,403972,412950
5,299556,307282,315971,324553,334183,342789,350951,359137,367777,376399,385530,393157,400871,410140,419685
26,426470,439919,452239,463702,476201,489165,494775,502919,510561
21,433145,445564,457998,470437,482886,492615,500075,508082,523935,537450
17,497352,505769,517253,529683,541368,547020,551852,557580,563278,569091,574854,580497,586303,591652,597776
2,544135,549375,554717,560507,566188,571926,577614,583436,589221,595062,604046,607505,613204,618999,624681
7,646146,654300,662010,670656,679177,687852,696026,703589,711745,719450
23,610249,621726,638125,643871,651484,659507,667735,676372,684893,693601,701278,708847,717056,732897
15,616033,631394,641413,648643,657240,664949,673499,682163,691160,698437,706013,714685,726230,738704
4,745440,752219,758790,765488,772228,778947,785611,792376,799131,804816
3,811497,818184,824879,831610,838259,845032,851814,857422,863711,869930,875662,882368,889160,895724
24,898984,904382,909860,914427,920398,925550,931305,937057,942767,948508,954311,960998,966223,971967
6,901566,907192,912073,917324,922643,928332,934105,939868,945669,951450,958081,963188,969211,978295
16,991726,1005259,1016739,1029060,1041486,1052013,1057108,1062539
30,985038,998458,1011004,1023371,1035797,1048218,1054924,1059685,1069103,1075557
25,1081813,1089526,1098045,1105840,1113471,1121378,1129651,1138263,1145900,1154496,1162205,1170764
27,1078925,1086609,1095297,1103156,1110526,1119046,1126507,1135296,1142984,1151617,1159574,1167907,1183323,1195509,1208947
12,1084432,1092348,1101082,1108431,1116146,1124342,1132528,1140796,1148717,1157368,1165054,1177540,1188744,1202275,1214691
22,1220994,1233060,1246506,1257016,1262095,1267645,1273379,1279145,1283900,1289545,1295172,1300207,1305886,1311715,1317415
10,1226786,1239812,1253207,1259952,1264705,1270434,1276282,1281825,1286846,1292493,1297310,1302987,1308884,1314612,1323146
18,1329437,1335412,1340532,1346186,1351877,1358621,1364434,1369454,1375040,1380250,1385538,1391277,1397039,1402834
13,1332518,1337636,1343315,1348974,1354770,1361563,1367325,1372068,1377298,1383233,1388462,1394190,1400011,1409681
8,1413487,1422087,1428424,1435139,1438529,1447172,1453881,1461563,1465443,1474052
finished successfully!
