4,1357,27926,29938,29946,28581,159
30,1529,28933,30846,30868,29317,93
23,1486,42676,46044,46063,44558,315
1,1336,59265,62163,62167,60827,261
21,1471,73632,75528,75540,74057,119
25,1498,86084,105035,105040,103537,64
14,1424,103414,105105,105120,103681,123
8,1383,114133,116194,116204,114811,87
15,1432,117268,119449,119453,118017,228
27,1510,124085,127084,127087,125574,166
29,1523,117269,129967,129970,128444,188
16,1438,134750,136668,136679,135230,50
9,1389,137605,140508,140512,139119,207
11,1404,140496,143343,143347,141939,249
7,1375,142358,145279,145288,143904,121
26,1504,126102,153682,153691,152178,64
3,1351,143356,153659,153662,152308,298
20,1463,128935,155736,155739,154273,244
6,1370,158607,160596,160599,159226,195
18,1450,152904,162478,162481,161028,171
24,1491,153672,162467,162469,160976,203
28,1516,167179,170100,170104,168584,199
13,1419,173922,175847,175850,174428,248
10,1396,185314,187244,187249,185848,223
19,1457,186310,188258,188258,186801,155
12,1410,190090,192029,192032,190619,194
22,1477,190092,192015,192019,190538,208
17,1444,191123,192982,192985,191538,225
5,1363,191125,192967,192971,191604,226
2,1345,191126,194449,194449,193104,167
finished successfully!
