26,4805,7716,10714,13637,16618,19428,22418,26333,28966
30,5806,8737,11706,14633,17324,20449,24390,27283,30239,34202
16,4851,51596,54049,58355,60340,63040,66197,69181
1,9687,12640,14598,18470,20404,22371,24325,26317,53471,55427,57447,61335,65187,69130,72993
7,2927,49635,52550,55521,59381,62277,65203,68173,70900,73997
25,6490,8704,10659,55495,59342,63015,66166,68128,70836,73962,75942,78815
27,6517,13602,16529,21385,25319,28286,33125,35093,38012,42762,44772,47751,51539,94952,96842
23,6479,7734,12621,15345,17278,18531,23343,26281,30178,53495,55462,57482,94063,97865
11,9701,11668,15325,18498,20420,22388,24360,28254,30203,53523,57372,59366,93002,95844,98838
14,2845,50573,93037,95900,98878,101777,104691,107691,110594
4,3820,49589,91036,94118,96854,100810,103683,106659,109640,112563
18,32141,34189,75919,79820,82732,84773,89117,92027,97816,100735,129189,132160,134137,138064
21,4839,51607,94940,122346,125384,128235,131250,134185,137160,139943
20,32167,77879,80785,84704,87108,90032,99766,101751,127235,130214,133145,136121,138971,141866
15,36040,39912,43783,46298,61310,62982,64248,109564,112524,115540,118420,121381,144762,147684
24,32190,76526,79831,99753,102690,104666,126272,129210,131166,135135,137106,139917,142857,157539
8,2914,49687,92014,122370,144732,147700,150633,153595,156426,159520
19,39926,43770,81778,83262,117395,120384,132139,135110,138026,140854,142819,149634,154560,161440
6,36998,70926,74958,105635,108628,110568,113572,116504,119419,123302,125294,146794,159488,162424
3,38573,41816,45769,61295,64222,67189,69655,72976,106620,124307,148656,152582,154609,165339
29,28238,30284,34128,76556,77888,102676,105650,107665,111541,124338,146757,157549,166307,168269
13,36017,37986,67147,69640,72096,108614,111563,123286,126292,128205,145778,158471,167318,173236
12,43745,81765,83234,84747,86714,89105,114569,116476,140831,143822,148603,150609,165353,171980,177121
9,36004,37972,72050,75003,103655,127290,145745,157510,160458,163492,170249,175220,178079,180918
22,39840,41806,84736,86703,88136,115488,141830,151611,165381,171225,173173,175148,180036,182042,186014
10,45746,47699,79789,120371,133119,155535,161453,163462,167272,171246,173206,177082,182016,184970,187897
17,41780,86658,89092,114521,117440,119393,136085,155551,161480,169280,176110,179112,182998,185979,188838
5,45706,47667,81803,118392,138938,151584,153559,163430,169294,173248,179059,180862,184000,187908,189588
28,39882,91061,113545,143773,149649,152568,164212,167305,171274,177107,183025,185937,188855,191797,197591
2,47727,77840,121341,130182,156382,159462,169248,175230,179080,180889,183968,186930,189626,194772,199559
finished successfully!
