30,6057,9003,11901,14883,18747,21667,24591,28507,31453,34388
25,7000,8988,12859,14868,18733,22731,26526,30424,33349,36304,38881,43100
11,9910,12903,16827,20698,23569,50086,51985,54058,57409,60331,63342,66250,69210,72124,75047
26,5045,7956,10937,13719,17711,19671,75089,78094,81084
8,3117,48591,54035,57423,60345,63356,66262,69235,72148,98538
23,6985,8937,10920,50108,51998,76075,79045,81066,83944,86912,90747,93631,98520,100575
13,22620,24520,26468,28441,30412,55440,59330,62298,64329,82952,108293,110230,112198,114112
21,5060,48603,97577,100601,104459,107323,110305,114135,117028,119932
27,7053,54045,58385,61335,64339,67255,70176,73148,101499,104450,108370,112252,115122,118050,122754
15,22643,24543,26483,28481,55421,62282,65259,67244,80022,113106,116063,120817,123813,126646
6,27442,30399,34315,36289,56421,59344,61324,82936,85438,89691,91696,103455,106378,134862
3,32366,34374,37272,40281,44147,56457,58373,84908,86875,90711,94669,102438,104433,135799
1,10902,14809,16838,50119,52463,76087,78071,81954,100550,102553,106398,109226,131407,133376,136780
29,12842,14895,18718,71138,74075,77048,116025,117985,119899,121849,133851,137744,139758,143692
14,3093,47090,96605,130464,133390,136814,139770,142750,145678
24,16811,74063,77034,116006,117969,119845,121833,124730,127627,132364,138741,141740,144675,147614
20,20683,65238,68256,70163,80035,111212,114100,118914,122741,132348,140718,142726,145656,148630
9,25483,29403,32406,36275,40220,42182,46130,54021,84891,86972,90729,106329,134851,152454
16,5071,50097,98572,102566,105347,135786,137757,153561
18,20669,68225,71150,73135,79015,81939,83899,108312,110267,112238,133833,138754,152488,154495
7,3129,47578,96582,99489,131420,151537,154519,157456,165248,168203
4,4042,47566,96595,130476,151549,160365,163336,166288,169170,172076
12,40267,88714,129593,140699,143679,146609,148618,156452,162302,167234,170144,172059,175943,179928,183860
17,40199,42135,44135,88728,128538,146596,149574,155449,158385,160352,168185,174022,178030,181850,185789
28,32355,35266,38354,92662,94638,124706,150536,153520,164284,167253,169147,175002,178926,182887,186721
19,38325,95596,123760,150516,155461,157433,161343,164300,166265,174039,178018,181862,185776,188404
22,38343,92634,94599,125630,127606,147600,158365,161359,163325,171107,174990,178939,182851,186758,189660
2,46093,86921,92754,125616,128561,144641,159382,170126,173071,176951,180945,184754,187744,190732,194612
10,42121,44087,46111,85392,129538,141727,159362,171124,175963,179892,183904,187759,190648,192678,198530
5,45097,88737,126633,149555,156465,162316,165224,173051,176973,180927,184774,188433,193607,197588,205435
finished successfully!
