16,1375,94933,107431,107448,106056,94
14,1361,106472,119904,119938,118543,130
4,1268,115151,129562,129571,128294,131
26,1445,121837,135330,135341,133885,77
7,1287,127650,139668,139677,138381,151
21,1411,131509,143542,143557,142131,134
8,1295,131511,143523,143534,142228,131
30,1472,136309,147350,147357,145878,125
25,1439,158430,167988,167993,166549,97
3,1261,168038,177674,177677,176413,190
18,1388,168043,180576,180579,179188,238
6,1282,170959,182485,182489,181203,223
9,1301,170957,183373,183377,182072,182
24,1432,172804,184355,184358,182923,146
20,1401,170955,184344,184347,182943,203
13,1354,173790,184331,184335,182977,145
15,1369,175680,187229,187233,185860,201
23,1426,173794,187242,187245,185816,128
19,1395,177632,188255,188258,186860,164
10,1308,180588,190108,190112,188800,184
29,1466,180589,191112,191116,189646,175
11,1317,183388,192049,192053,190732,257
2,1255,186299,192037,192041,190782,234
17,1382,186301,192963,192966,191581,140
5,1274,188198,192950,192954,191676,185
28,1459,189160,194003,194006,192544,164
12,1324,190159,194909,194932,193585,191
1,1247,190157,194951,194953,193704,240
22,1417,192027,195883,195887,194466,172
27,1452,194942,197805,197805,196353,230
finished successfully!
