16,11139,25818,40488,54967,69437,83948,98362,113096
14,10146,24834,39357,53979,68498,82961,97582,112163,125767
7,6210,20948,35655,49103,62658,76203,89760,103385,116671,130272
26,15958,30730,45348,59744,74309,89794,104357,117983,131731
4,3242,17974,32740,47327,60728,74282,88578,103421,118021,131695
8,7192,21890,36562,51224,64592,78157,91503,106405,119955,133610
21,13070,27801,42403,56899,72329,87945,102387,115064,129582,142845
30,18002,32715,47364,61522,76231,89805,105367,120907,135549,147173
25,15046,29790,44385,58831,75219,89784,104370,118065,134510,145290,156409,167181
3,4234,18955,33696,48274,62685,77201,91514,106359,119979,133590,145238,155451,166181,177044
15,10130,24849,39342,53026,66601,80033,92639,106859,119918,133627,145316,157885,168172,177983
9,7177,21906,36547,51258,66660,82034,96508,110175,123865,137272,150026,159329,170125,180008
6,6242,20917,35685,50275,64642,80109,94587,109174,123946,137959,150048,159294,170181,181001
13,9199,23898,38526,53093,68523,83960,98341,112132,125807,139399,150066,161279,172090,181930
18,12139,26816,41482,55914,70399,84913,99464,113809,127807,141331,151945,162278,173068,182907
19,12108,26846,41436,54930,68453,81985,95533,110233,124515,139426,152944,163243,174057,184932
20,13087,27786,42417,56876,71179,85905,100455,115044,127737,142248,153931,164238,175051,185920
24,15078,29763,44410,58804,72359,87857,102415,116698,131771,143907,156389,167182,177998,187860
11,8160,22903,37530,51171,64632,79095,93564,108245,121858,135519,147187,157932,169123,178988,187844
29,16975,31742,46138,60772,76242,92596,106871,121917,136487,147132,157838,168206,179168,188847
2,4250,18938,33721,47375,62715,78199,93578,108210,121897,135500,148084,157919,169156,180023,188844
5,5212,19955,34725,49228,65573,80077,94623,108258,122855,137338,148724,160282,171116,180954,189821
10,8193,22866,37562,52067,66647,80906,95555,110219,123827,137307,148766,160267,171146,181944,189807
12,9231,23869,38551,53054,67506,82021,96583,111207,125842,139363,150103,161249,172162,182921,190769
23,14045,28802,43356,56853,70382,83905,97535,112198,125863,139455,151981,163258,174041,183923,190755
17,11103,25851,40458,54980,70429,85946,100421,113803,128718,141287,151965,162252,173114,183972,191758
22,14081,28766,43386,57793,72300,86837,101422,115935,129562,142882,153912,164280,175022,184881,191723
1,5247,19918,34782,49189,62730,78174,91434,105337,118044,131820,145271,155383,166216,177014,186860,192704
28,17015,31714,46179,60744,74256,87799,101402,116017,129525,143889,154913,165247,176055,186900,193653
27,15943,30744,45334,58784,72284,85866,99431,113837,127788,141360,153960,165303,176027,185894,192715,201584
finished successfully!
