16,11136,25667,40176,54863,70364,84872,98260,112411
14,10240,24666,39230,53927,67484,81009,96380,110462,125084
26,16032,30479,44946,59552,74301,87749,103585,118242,131811
4,4456,17919,31416,44901,58757,74243,87760,103573,118347,132885
7,6338,19846,33404,46078,60693,75180,89695,104639,119241,132866
8,7368,21812,36147,50992,65586,79586,93401,107534,122150,136808
21,14076,29586,44960,59540,72906,86429,99771,114348,128995,142569
30,17943,32414,47011,61686,76147,89673,102598,117237,130936,144628
25,16101,31516,47026,61672,76183,91661,106531,121157,134822,146523,157220,166794
6,6361,20811,35075,49987,64629,79019,93421,108499,123099,136790,148628,159058,169657,179311
3,4497,18883,33432,48045,62493,77090,91651,105526,120180,134880,147532,158020,169705,180219
9,8359,23802,39245,53913,67496,80996,94977,109480,124058,137801,149403,159961,170665,180074
19,12138,25644,39212,52729,66179,80958,94997,109462,124080,138679,150334,160958,171646,181046
18,12162,26609,41188,55850,69406,82871,96471,111400,125906,139675,151287,161969,172569,182228
13,10257,25740,41203,55840,69443,82858,96490,111384,125951,139657,151333,161956,172616,182203
23,14035,27581,41169,53938,67543,82908,98752,113378,127009,140709,152224,162947,173331,182302
15,10217,23700,38198,52745,67532,83846,98452,113393,127998,141630,153227,163863,174503,184180
24,15071,29511,44075,57782,71347,85758,99789,114329,127951,141663,153213,163877,174472,184191
10,8338,22740,37290,50976,63713,78054,91630,105541,120146,133727,145559,156232,166735,176408,186127
20,13068,27606,42169,55826,69453,84884,101187,115339,128970,142614,154223,164721,175413,187027
12,9234,23725,37327,51926,65542,79625,93377,107550,122123,135784,147486,158034,168718,178408,187916
1,5425,19871,34335,48983,63662,78070,91688,106518,121178,135799,148688,159021,168707,178444,188588
29,18017,33510,47996,60733,74386,90188,104586,119257,133777,146536,157196,167695,178505,188576
17,12180,27681,43176,57796,71335,84784,98400,112390,127046,140663,152243,162899,173344,185097,189880
2,4517,19950,36124,49973,63648,78110,93979,108482,123121,137928,149384,160000,170627,180205,189868
5,6379,21889,37310,51941,65530,80945,96367,110491,125061,138661,150354,160953,171658,182291,189838
22,14058,28519,43126,57836,72297,86443,101166,115357,129948,143455,154176,164737,174514,184157,190790
11,8269,21787,35053,48970,62453,76135,89686,102559,117259,131859,145604,156217,166754,177394,187977,191779
28,16937,31440,46031,59500,72932,87737,101235,116257,130956,144612,155162,165635,176420,186099,192773
27,15982,29487,43107,56818,71357,87697,101247,116241,129926,143472,155183,165621,176433,187014,191826,200681
finished successfully!
