26,1357,67079,70978,70978,69621,203
30,1390,77734,84445,84452,83055,281
11,1228,184305,188145,188149,186917,333
1,1142,187195,194902,194906,193760,368
6,1185,298076,302409,302417,301224,340
3,1160,300938,309207,309231,308047,364
21,1315,447394,451241,451253,449926,370
27,1365,530645,537395,537420,536030,473
16,1272,671459,675232,675260,673960,149
14,1255,674279,679043,679058,677788,186
23,1333,757304,761154,761158,759821,274
9,1210,854013,857857,857857,856647,487
7,1192,934369,938238,938246,937046,269
8,1202,937288,944998,945007,943796,226
25,1349,999204,1003008,1003033,1001659,320
29,1382,1050613,1054406,1054410,1053024,340
4,1169,1139310,1143157,1143166,1141988,360
18,1289,1253926,1257816,1257819,1256527,357
15,1265,1256844,1261692,1261696,1260427,333
24,1341,1345148,1349267,1349267,1347926,460
20,1305,1348276,1356017,1356043,1354712,396
13,1247,1306887,1415127,1415131,1413880,376
19,1298,1610278,1630449,1630453,1629151,374
2,1152,1617884,1650723,1650727,1649571,406
5,1177,1621779,1657486,1657490,1656309,439
10,1219,1623704,1664252,1664256,1663033,432
12,1237,1626602,1671057,1671061,1669820,469
17,1281,1629499,1674941,1674944,1673660,429
22,1323,1637279,1681704,1681707,1680381,498
28,1373,1644067,1688420,1688429,1687047,589
finished successfully!
