30,52569,59320,65061,70900,77606,84312,91043,97744,104520,111094
11,127467,134100,139441,144655,149392,155019,160906,166672,172520,177835,182988,188910,194669,200399,205194
1,130345,137038,141770,147218,152217,158017,163755,169584,175449,180283,186033,191737,197545,202981,211893
6,245581,250813,257071,262749,268548,274266,280207,285864,291637,297303,302980,307839,313591,319173
3,248135,254243,260030,265669,271405,277182,283019,288789,294431,300149,305519,310682,316536,322235
26,46387,368616,374370,380096,384902,390580,396329,401785,407397
21,39837,365708,371487,377212,382591,387757,393484,399199,404488,410733
27,117843,430916,434783,440470,445648,450984,455759,461393,466945,471968,477771,483458,487777,492331,497860
29,218637,469057,474785,480593,485604,490200,495015,504169,507490,513137,518817,524579,530423,536318
16,33268,362821,559197,564015,569665,575415,581150,586871
14,26606,359901,556366,561633,566844,572556,578329,584064,590758
25,121764,424146,595580,602065,607512,613195,619545,625142,630899,636693,644373,650022
23,124567,417532,599138,604425,610219,616540,622150,627969,633818,640653,647204,656491,663061,666363
13,239853,443378,692344,697076,702799,707903,713910,720072,725839,731614,737267,743048,747851,753542
9,242653,437692,694485,699969,705669,710898,717187,722905,728622,734410,740138,745207,750772,760196
7,13114,355111,550050,809141,814709,819816,825489,831251,836903,842652
8,19990,357680,552972,811741,817510,822544,828293,834050,839819,846101
20,230205,458625,679866,855133,860216,865194,870473,875219,880926,886630,892431,896973,902070,907748
24,225433,464311,673109,858040,862280,868027,872948,878101,883805,889539,894822,899163,904939,914039
4,6575,352150,547725,806349,943487,948401,953072,958755,963106,968123
15,236913,448113,689847,849428,950580,955995,961039,965991,973875,977074,982763,988554,994307,999637
18,233136,453290,686503,852254,946330,1013244,1018998,1025165,1030686,1035779,1041462,1047088,1052875,1058204
19,335742,540100,779441,934854,991446,1038579,1072538,1094126,1116216,1138100,1159199,1181302,1204331,1226854
5,346824,516026,800806,924244,1007994,1016000,1061536,1083554,1105003,1126637,1149627,1170251,1191853,1215792,1253278
10,343946,521704,798624,927103,1005895,1021829,1064509,1086296,1107584,1129559,1152065,1173072,1194787,1218798,1257171
12,341537,527503,793914,929743,1003040,1028052,1066828,1088371,1110392,1132336,1154508,1176046,1197613,1221579,1263815
17,338620,533339,786149,931871,997242,1032838,1069679,1091320,1113220,1135304,1156676,1178405,1200531,1223996,1270025
22,332893,542284,773684,937629,985567,1044271,1074815,1097045,1118491,1140982,1162104,1184125,1207202,1233218,1276276
28,329002,544717,766999,940577,979774,1050023,1077480,1099848,1120902,1143928,1164940,1187044,1210055,1239995,1283015
2,349264,510362,803357,920887,1010248,1055748,1080420,1102745,1123802,1146735,1167903,1189728,1212974,1246627,1289438
finished successfully!
