26,20544,25807,31543,37279,43032,48771,54482,60239,65970
30,22913,28659,34425,40147,45908,51629,57361,63102,72718,79433
1,113163,119903,126633,133376,140087,146859,153606,160330,167066,173796,177672,183409,189141,194880,200618
16,15147,293639,299338,305143,310851,316681,322391,328256
21,18093,296499,302242,308026,313785,319556,325286,331982,337793,343046
25,92398,346299,352056,357796,363533,369257,374989,380790,386446,392187,397912,403661
27,86184,349197,354926,360648,366395,372117,377877,383584,389306,395072,400779,410347,417058,423783,431435
24,186265,455400,460925,465933,471706,477488,483245,488990,494708,500436,505713,511104,516849,522481
29,180542,458301,463028,468826,474623,480329,486133,491830,497550,503159,507822,513960,519708,529353
14,12375,290823,586916,592647,598413,603508,607639,612856,618580
8,9507,287898,584038,589788,595515,601302,605569,610495,615722,625108
11,106402,334867,638593,645334,652048,658782,665521,672306,679040,682862,688631,694396,700135,705921,711654
3,234008,237158,242925,248684,254486,259208,264943,270681,276385,435327,725138,731917,738625,742452
4,3745,282137,578296,797219,802026,807738,813203,819332,825046,830840
7,6624,285034,581187,799294,804883,810122,815938,822200,827909,837512
23,99637,340656,631860,844262,848091,853827,859563,865322,871046,876792,882491,888203,893996,899723
20,192020,452522,685753,879646,885351,891064,896841,906473,913218,919937,926717,933515,940259,947927
15,207334,446773,697282,868186,1009725,1015440,1021277,1026970,1032796,1038626,1044436,1051224,1057086,1062784
18,197737,449636,691507,873893,1012583,1018357,1024068,1029883,1035711,1041525,1048288,1054145,1059866,1069517
9,220760,441047,708796,856660,1003986,1122019,1127344,1133162,1138749,1143797,1149575,1154910,1160185,1165979
13,214039,443905,703055,862465,1006829,1125252,1130283,1136001,1140876,1146659,1152039,1157318,1163126,1172722
6,227531,438201,718413,850984,1001053,1119213,1216214,1220617,1225782,1231565,1237253,1242995,1248700,1255463
19,251582,569406,762651,987533,1087835,1207532,1223552,1274717,1315943,1338584,1361597,1384631,1408737,1431924
22,245810,572536,755940,994332,1081095,1210401,1218549,1268427,1313698,1335684,1358768,1381720,1404901,1428988,1468626
17,256949,562928,769373,980798,1094604,1203749,1228700,1281395,1318457,1341414,1364406,1387528,1411630,1438665,1475444
12,262059,556205,776093,973992,1101322,1199811,1234423,1288131,1321367,1344350,1367250,1390424,1414568,1445462,1482205
10,267806,549458,782810,967674,1107092,1192874,1240174,1293870,1324197,1347154,1370126,1393301,1417424,1452237,1488892
5,273516,542768,789585,960757,1113321,1186267,1245855,1300537,1327102,1350076,1373009,1396160,1420277,1459035,1495679
2,279286,536011,793421,954379,1116435,1179478,1251645,1307858,1330003,1352994,1375926,1399074,1423191,1462873,1502378
28,240047,575410,749171,998198,1075265,1213291,1262225,1311118,1332822,1356330,1378848,1401966,1426088,1465772,1509172
finished successfully!
