16,1423,561014,642191,642196,640768,270
14,1410,639336,738161,738176,736751,305
26,1490,692160,781461,781474,779971,252
4,1342,711983,802830,802840,801488,357
7,1361,720964,822560,822562,821199,270
8,1368,723779,829280,829293,827912,302
21,1457,768830,889018,889032,887561,305
30,1518,794145,911556,911565,910038,293
25,1485,981369,1041612,1041636,1040127,383
3,1336,1080006,1172520,1172525,1171184,433
6,1355,1093483,1185890,1185899,1184535,543
9,1374,1099215,1193641,1193651,1192267,485
13,1404,1123081,1218433,1218444,1217029,511
15,1418,1129752,1225025,1225051,1223607,526
18,1436,1142068,1238378,1238387,1236942,531
19,1444,1144627,1245077,1245086,1243633,618
20,1449,1148571,1250820,1250828,1249371,499
24,1478,1157147,1268951,1268960,1267473,645
29,1512,1165346,1288982,1289013,1287470,515
1,1322,1168727,1296156,1296165,1294834,600
2,1330,1171540,1299567,1299571,1298237,570
5,1348,1179352,1306231,1306240,1304883,629
10,1381,1199507,1312969,1312979,1311588,530
11,1388,1205149,1319763,1319792,1318375,513
12,1395,1211849,1326033,1326046,1324638,528
17,1431,1231789,1329251,1329274,1327820,552
22,1463,1256704,1335918,1335927,1334455,673
23,1472,1263316,1342667,1342676,1341195,563
28,1505,1282362,1349622,1349628,1348117,581
27,1499,1348577,1352730,1352749,1351231,743
finished successfully!
