16,62072,147835,234658,316280,403448,488223,576176,664339
14,56307,142100,228910,311585,398419,482374,570340,658536,825829
26,91083,176820,261747,345290,431201,518056,605274,731072,899079
4,27290,113177,200006,282741,368576,453486,541262,628491,784216,932517
7,36087,121818,208663,290800,377265,462137,549951,637232,804499,941500
8,38879,124782,211544,294214,380086,465016,552844,640069,808374,948297
21,76519,162367,247226,330812,417212,503568,590699,698314,865420,1017182
30,102649,188398,272391,356882,442809,529593,616890,758123,922272,1066345
25,88191,173916,258830,342414,428336,515173,602397,724308,892388,1043165,1150302,1212894
3,20537,110353,197043,279837,365634,450548,538367,625645,778049,930393,1087423,1168013,1254528,1354081
6,33165,118906,205781,288442,374407,459222,547060,634315,797724,938610,1101055,1173448,1267976,1366617
9,41781,127551,214437,296997,382944,467913,555762,642987,811279,955104,1107797,1176363,1274776,1373339
13,53393,139163,226007,308665,395537,479478,567400,655614,822920,983209,1124194,1188253,1301827,1385943
15,59221,144978,231809,314043,401283,485295,573257,661404,832594,989971,1127111,1191269,1307663,1392716
18,67828,153609,239980,322095,408986,493981,581947,677932,846123,1003545,1132927,1196484,1321225,1406319
19,70764,156550,242061,325019,411926,497814,584864,684722,852831,1010331,1135789,1199391,1325120,1413100
20,73623,159427,244318,327946,414809,500712,587781,691505,859608,1014243,1138708,1202309,1328029,1419850
24,85254,171057,255913,339516,425451,512277,599451,717557,885632,1036408,1147438,1209988,1336668,1440142
29,99775,185495,269472,354001,439889,526728,614012,751366,918786,1062507,1158991,1234226,1345376,1455542
1,8059,105527,191263,275297,359799,444909,532509,619829,764916,924884,1073879,1161908,1241006,1348263,1461277
2,13813,108053,194207,277545,362739,447622,535427,622707,771488,927478,1080650,1164783,1247760,1351161,1468070
5,30777,116075,202896,285570,371491,456346,544125,631414,790938,935678,1094228,1170555,1261045,1359812,1474803
10,44723,130472,217352,300003,385820,470851,558662,645945,814196,962867,1114554,1180133,1281535,1377282,1481589
11,47615,133406,220188,302904,388767,473730,561580,648804,817092,969633,1118464,1183049,1288302,1380144,1488361
12,50534,136302,223085,305774,392640,476587,564483,652263,820015,976439,1121317,1185992,1295027,1383025,1495126
17,64940,150700,237004,319181,406082,491046,579047,671102,839400,996719,1130010,1194271,1314490,1399544,1501903
22,79437,165263,250162,333727,419636,506502,593617,705028,872150,1022899,1141643,1204994,1330851,1427617,1508687
23,82412,168161,253059,336622,422543,509402,596556,710753,878939,1029626,1144541,1207072,1333765,1433341,1515465
28,96835,182587,266577,351074,436910,523811,611088,744565,912578,1055753,1156092,1227477,1342531,1452226,1528991
27,93939,179688,264333,348189,433948,520935,608191,737810,905834,1048969,1153204,1220663,1339585,1445893,1522228,1532876
finished successfully!
