16,65040,148284,230562,311806,394132,476457,558373,639233
14,59346,142238,224965,306012,388691,470783,553049,633754,728093
26,92929,176519,257246,340583,422942,503276,585743,678414,777889
4,26927,115903,198174,279248,362548,444256,524385,605720,700451,804613
7,39264,124597,206177,286910,370255,451301,532629,614338,709039,824801
8,41697,126766,208868,289053,373045,454016,535786,617260,711930,831552
21,79685,162043,244306,327254,408493,490883,572263,664115,764502,865148
30,104316,187045,267626,351641,433456,513794,595540,689999,793700,918931
25,90670,173642,254325,337743,420092,500386,583374,675594,775028,892227,986774,1045111
3,20163,112980,195162,276305,359594,442075,521512,603326,698033,801755,939110,1002294,1084730,1179892
6,36366,121703,203294,284022,367344,449223,530083,611405,706138,818147,948676,1007886,1098247,1192411
9,45018,129409,210985,291679,376042,456450,538690,620049,714738,836376,951321,1010067,1105067,1199670
13,56439,139930,222575,303081,386510,467830,550136,631562,725264,848785,961045,1021205,1131976,1210142
15,62226,145258,228406,308982,391260,473597,555391,636350,734851,851646,963931,1023701,1138692,1213553
18,70925,153450,236046,317506,399877,481715,564544,651717,747333,856894,969586,1028843,1149321,1226969
19,74664,156265,238521,320459,402830,484178,567164,657920,753915,859793,972514,1031459,1153057,1233644
20,77568,159185,241329,323405,405599,487896,569317,661357,760671,862711,975353,1033570,1155988,1240347
24,88074,170226,252173,334942,417169,497482,580937,672716,772866,885486,983853,1042178,1163646,1256652
29,101600,184593,264853,349147,431106,511000,593380,687092,791347,912304,994491,1064339,1171847,1276674
1,6875,107233,189911,270601,353915,436401,516706,598168,692828,796058,925682,997339,1071091,1174258,1283378
2,13479,110167,192326,273439,356798,439206,519361,601065,695681,798937,932369,1000182,1077880,1177128,1290021
5,32990,118816,200439,281927,365231,446310,527133,608595,703324,811406,945058,1004972,1091479,1185785,1296773
10,47948,132306,213931,294538,378386,459250,542432,622942,717625,839407,953401,1012587,1111791,1202831,1302844
11,50726,134634,216703,297412,380857,462160,545309,625842,720275,842117,956280,1015455,1118622,1204988,1309339
12,53621,137062,219639,300381,383846,464894,547832,628659,722437,845005,958656,1018289,1125291,1207913,1314827
17,67987,150516,233133,314747,396959,479292,561624,644960,741110,854595,966384,1025984,1145420,1220327,1321631
22,82357,164984,247160,329545,411380,492978,575067,667006,767311,871869,978205,1036476,1158267,1247096,1327426
23,85262,167803,249611,332019,414227,495095,577939,669833,770231,878675,981150,1039282,1160758,1253156,1334123
28,98633,182253,262017,346213,428735,508041,590525,684283,788423,905608,992102,1057562,1168882,1270043,1347643
27,95828,179376,259849,343435,425814,505654,588354,681324,784636,898881,989709,1051905,1166509,1263341,1340921,1354355
finished successfully!
