30,1553,34972,36494,36499,34941,107
1,1366,54985,57810,57814,56444,213
20,1489,66551,68367,68371,66878,130
26,1528,69351,71266,71274,69738,62
11,1433,83706,85669,85672,84236,256
23,1511,84713,86603,86607,85092,193
3,1380,73187,112559,112563,111179,195
8,1412,116406,118366,118374,116954,98
25,1523,117392,119368,119372,117845,133
21,1497,99125,126933,126947,125436,183
13,1446,111586,129872,129875,128426,179
27,1535,131846,133731,133734,132196,167
16,1464,137542,139479,139491,138015,106
9,1418,137546,139469,139472,138051,205
4,1387,138490,140455,140464,139068,91
6,1400,147140,149096,149099,147696,184
29,1547,142342,155839,155843,154292,218
24,1516,157714,159605,159609,158089,221
14,1452,163467,165456,165470,164004,132
15,1459,165424,168246,168250,166787,179
18,1476,170142,173070,173073,171594,207
5,1393,171175,173979,173983,172586,153
7,1405,175949,177885,177893,176480,98
10,1425,181725,184502,184505,183077,194
17,1471,183524,185454,185458,183983,243
19,1483,188397,190272,190275,188789,181
28,1541,188398,190259,190263,188718,165
22,1503,192234,193832,193837,192329,218
12,1438,192233,194680,194685,193242,195
2,1375,211564,218321,218325,216946,263
finished successfully!
