14,3849,7824,10754,16577,18516,22404,25348,27137,31135
29,4836,6820,9625,12698,15581,18559,21522,24377,27193,30222,33073,36025,39065,41844
20,3905,7799,9597,13645,15520,19474,22420,24347,28208,31163,33017,36981,39014,42881
19,5814,8768,11695,14648,17532,20487,23380,26362,29216,32145,35034,37833,40948,43835
9,5849,9571,11672,16554,19497,21485,25311,28247,30173,34049,35994,39783,42892,45743
1,5840,10709,12656,14597,17467,20444,23344,26307,29176,32108,34997,37797,40934,44825,47438
28,7786,13626,34034,36967,39099,42830,46733,49598,52556,56466,59378,62348,65247,67902,71041
26,46723,50572,58396,60365,62319,66193,67841,70068,74764
21,46695,50546,53506,56424,61228,64260,69138,72055,74013,77911
11,40890,44767,48685,52531,54437,57421,60432,63276,66250,70121,73046,76020,78921,81561,84767
5,44814,48675,51544,54474,58439,62359,66209,67874,71066,74051,76946,79944,82805,85717,89574
2,50582,55437,58416,60405,64225,67175,69165,73010,75978,79898,82773,86789,89634,94150,95490
17,48648,52517,54411,56454,64250,72026,74808,76918,78883,81525,84750,87446,89611,92536,95478
4,89603,91543,95438,99139,102270,105213,108209,112015,114907,116844
15,80821,82816,86714,88226,91553,95466,99117,102298,106203,108181,112038,115834,118332,119805
23,77899,80833,83735,86749,88252,91529,98405,100937,102312,106270,110056,112949,114939,119741
7,84725,93542,97469,100302,103261,106242,111006,114861,116871,120397
24,93495,97420,100344,104248,106703,110044,113564,119773,122134,124693,127918,129849,133830,135807
3,93518,97459,100923,104271,108151,111984,116823,118300,121705,124609,127000,129888,134816,137778
6,99090,104236,108196,113586,117784,121693,124646,127983,131399,133868,135776,138763,141664,144688
16,124587,126088,131369,134780,137756,140688,143585,146505
30,110019,121646,126984,131432,132807,136796,138737,141625,144564,147515
27,123141,126025,128885,131420,136747,139679,142593,145542,147473,149399,152365,155273,158263,161076,164166
25,123114,128873,139665,142579,145529,148462,151405,154325,157261,160201,163102,166063
12,140658,143558,146467,149426,152341,155307,158232,161136,164116,167014,169921,172987,175775,178700,181614
18,150369,153319,156230,159196,162092,165095,167987,170971,173858,176698,179655,182595,184571,188435
22,148434,151372,154275,157217,160154,163073,166019,168985,171938,174778,177706,180693,183590,186561,189536
10,150382,153332,156243,159211,162106,165112,166954,169877,172935,175744,178666,181584,184619,187545,193410
8,168956,171905,174715,177664,180621,183561,186528,189410,191373,196269
13,167974,170957,173839,176684,179640,182580,185572,187500,189501,192349,197235,206119,213032,219931
finished successfully!
