14,3243,5510,9963,13677,17624,20552,23480,26484,29287
29,3281,4602,6991,10814,12760,16639,18669,21579,24493,27422,30291,32244,35256,38128
20,3268,4547,5525,9983,13692,16621,19592,21558,25431,28319,30269,33223,36198,39120
19,4527,5965,8840,11761,14696,17642,20579,23502,26525,29321,32257,35219,38172,42103
9,4588,6923,8440,12699,14682,18642,22487,25453,27404,31260,34245,37149,40157,43016
1,5496,8424,11742,15704,19564,22504,24468,28300,31287,34225,37172,40121,43050,46034,48955
11,8369,10787,15645,33210,36160,39103,42082,43986,45998,48941,51896,54825,57723,60664,63595
21,46983,50865,53806,56762,59678,62613,65512,68469,71428,74327
26,44968,51872,57704,63581,66495,69482,72421,75358,78287
28,6907,41113,44983,47928,49951,52894,55818,58784,61646,64630,67515,70454,73434,76358,79278
5,41074,44022,47943,49938,52905,55794,58806,61625,64653,67497,70472,73422,76370,79254,81224
17,46946,50878,53820,56778,59692,62641,65549,68486,71452,74345,77342,80246,83232,86166,89079
2,54808,60622,66509,69468,72434,75334,78322,81212,84209,87138,90128,93007,95945,98855,101870
7,82219,85127,87112,90993,93927,95931,99781,102805,104722,107590
4,83199,86122,89064,92071,94924,97837,100800,103498,106682,109513
23,77323,80231,85115,88086,90109,93912,96839,98820,102766,105652,108554,113500,117381,119313
15,82248,84189,88072,91006,92993,96824,99801,101844,104744,108535,111064,115443,118366,121299
3,92050,94909,97823,100786,103474,106634,111026,113454,115431,118333,121286,124269,126938,130133
30,110994,114440,117341,120260,123240,126157,129031,131985,136041,139896
16,114411,123226,126142,128109,131938,133802,137934,141769
6,106620,111008,112463,116392,120273,122237,125215,128081,131031,133817,136844,139922,142684,144627
24,104753,108519,112448,116356,119301,122249,125196,128096,132005,134900,137953,140762,143745,146602
25,126901,130072,135910,138865,141750,145630,148352,152395,154402,157376,161230,164126
12,132909,135938,137848,139860,143714,147603,149581,153446,156076,160224,162766,167035,169616,173840,176838
27,124254,130100,133788,141733,145644,149562,153457,157335,159321,164101,166117,170992,172934,175872,179703
10,145617,149509,151546,155422,157387,161166,162746,166073,168074,171008,172920,176814,178788,181747,186050
13,149495,151444,153429,157305,159264,162172,164159,168866,171074,174858,178775,182621,185618,189525
22,143702,147591,151520,155448,159277,161206,164177,168089,171116,174892,177539,180679,183646,188071,192936
18,147578,155388,166057,168025,169603,172877,174878,178803,181686,183634,187081,192503,195468,199855
8,176800,180666,183586,185584,189497,192488,195429,198936,205990,211732
finished successfully!
